10^3		10^4		10^5		10^6
0.000120	0.000020	0.000044	0.000320	
0.000018	0.000014	0.000041	0.000236	
0.000029	0.000023	0.000160	0.000220	
0.000023	0.000022	0.000041	0.000260	
0.000019	0.000020	0.000044	0.000264	
0.000024	0.000021	0.000041	0.000237	
0.000021	0.000034	0.000054	0.000237	
0.000019	0.000021	0.000041	0.000293	
0.000023	0.000019	0.000053	0.000190	
0.000018	0.000020	0.000656	0.000209	
0.000024	0.000018	0.000062	0.000374	
0.000016	0.000017	0.000064	0.000291	
0.000023	0.000124	0.000065	0.000210	
0.000019	0.000023	0.000040	0.000315	
0.000017	0.000030	0.000044	0.000225	
0.000094	0.000016	0.000041	0.000391	
0.000018	0.000020	0.000043	0.000230	
0.000019	0.000019	0.000196	0.000217	
0.000019	0.000239	0.000043	0.003759	
0.000049	0.000021	0.000049	0.000329	
0.000018	0.000171	0.000674	0.000331	
0.000018	0.000028	0.000045	0.000246	
0.000020	0.000020	0.000037	0.000222	
0.000019	0.000376	0.000041	0.000229	
0.000018	0.000497	0.000740	0.000235	
0.000017	0.000019	0.000042	0.003312	
0.000019	0.000051	0.000035	0.000284	
0.000017	0.000022	0.000041	0.000272	
0.000048	0.000019	0.000044	0.000197	
0.000024	0.000017	0.000046	0.004036	
0.000012	0.000029	0.000047	0.000199	
0.000018	0.000050	0.000044	0.002262	
0.000276	0.000019	0.000851	0.000228	
0.000140	0.000039	0.000056	0.004311	
0.000017	0.000030	0.000036	0.000216	
0.000024	0.000421	0.000053	0.000215	
0.000018	0.000021	0.000044	0.000354	
0.000048	0.000021	0.000036	0.003815	
0.000017	0.000022	0.000754	0.000230	
0.000032	0.000019	0.000042	0.000289	
0.000026	0.000018	0.000044	0.000205	
0.000017	0.000312	0.000548	0.000233	
0.000020	0.000376	0.000041	0.000197	
0.000016	0.000018	0.000377	0.000164	
0.000017	0.000382	0.000688	0.000218	
0.000020	0.000018	0.000429	0.004074	
0.000019	0.000018	0.000044	0.000296	
0.000023	0.000017	0.000040	0.000180	
0.000066	0.000018	0.000750	0.000184	
0.000019	0.000020	0.000152	0.000260	
0.000024	0.000206	0.000037	0.000219	
0.000019	0.000172	0.000032	0.000219	
0.000023	0.000021	0.000041	0.003386	
0.000018	0.000411	0.000040	0.000221	
0.000018	0.000022	0.000044	0.005567	
0.000018	0.000019	0.000037	0.004294	
0.000018	0.000021	0.000043	0.000249	
0.000013	0.000021	0.000044	0.004026	
0.000344	0.000023	0.000052	0.000253	
0.000020	0.000019	0.000046	0.004516	
0.000017	0.000022	0.000043	0.000214	
0.000021	0.000020	0.000047	0.000228	
0.000034	0.000376	0.000050	0.000188	
0.000032	0.000021	0.000037	0.003904	
0.000026	0.000413	0.000039	0.000208	
0.000025	0.000016	0.000544	0.000203	
0.000019	0.000058	0.000039	0.003893	
0.000019	0.000019	0.000047	0.000216	
0.000023	0.000030	0.000039	0.000204	
0.000034	0.000024	0.000427	0.000199	
0.000025	0.000347	0.000041	0.000207	
0.000017	0.000025	0.000039	0.000178	
0.000022	0.000305	0.000031	0.000173	
0.000019	0.000021	0.000045	0.000253	
0.000017	0.000380	0.000655	0.000217	
0.000018	0.000020	0.000044	0.000192	
0.000026	0.000024	0.000043	0.000214	
0.000018	0.000022	0.000060	0.000153	
0.000018	0.000017	0.000043	0.000220	
0.000023	0.000779	0.000039	0.005067	
0.000029	0.000016	0.000053	0.000415	
0.000021	0.000019	0.000041	0.004314	
0.000022	0.000029	0.000033	0.000218	
0.000017	0.000018	0.000119	0.000321	
0.000036	0.000014	0.000291	0.000181	
0.000062	0.000023	0.000140	0.001411	
0.000018	0.000019	0.000041	0.000202	
0.000016	0.000016	0.000359	0.000175	
0.000023	0.000084	0.000041	0.000220	
0.000039	0.000381	0.000043	0.000145	
0.000021	0.000019	0.000656	0.004057	
0.000019	0.000021	0.000063	0.000215	
0.000018	0.000021	0.000036	0.004118	
0.000019	0.000019	0.000036	0.000229	
0.000017	0.000021	0.000041	0.001446	
0.000019	0.000019	0.000042	0.000221	
0.000294	0.000016	0.000043	0.000212	
0.000028	0.000034	0.000045	0.000213	
0.000016	0.000023	0.000032	0.000238	
0.000016	0.000018	0.000041	0.000236	
